%YAML:1.0
descriptors: !!opencv-matrix
   rows: 2
   cols: 128
   dt: f
   data: [ 3.23398590e+01, 2.28599339e+01, 1.93368378e+01,
       1.96354485e+01, 2.87402859e+01, 1.12769384e+01, 8.28792095e+00,
       1.22808485e+01, 8.87302780e+01, 3.79088287e+01, 1.74123230e+01,
       1.32458057e+01, 1.54017611e+01, 1.01683435e+01, 1.31289797e+01,
       3.14894581e+01, 4.63476219e+01, 2.03620224e+01, 1.55151920e+01,
       1.86166573e+01, 3.36006050e+01, 2.01965961e+01, 1.91957760e+01,
       2.50530167e+01, 2.32646923e+01, 1.56683140e+01, 1.37262707e+01,
       1.54205647e+01, 2.38715706e+01, 1.59192944e+01, 1.47905846e+01,
       1.56389732e+01, 4.48113899e+01, 2.05619202e+01, 1.88284607e+01,
       2.55608196e+01, 3.98958893e+01, 1.69465408e+01, 8.20680523e+00,
       1.30454874e+01, 1.32745300e+02, 3.67067184e+01, 1.11508741e+01,
       9.21915722e+00, 1.47408476e+01, 1.13468485e+01, 1.77585392e+01,
       5.48554039e+01, 5.79824486e+01, 1.51640577e+01, 1.32367086e+01,
       2.65749512e+01, 5.56597900e+01, 4.14078369e+01, 3.05596848e+01,
       3.08954792e+01, 2.95494862e+01, 1.96491718e+01, 1.68084984e+01,
       1.97247715e+01, 2.95166550e+01, 1.95396748e+01, 1.72106800e+01,
       1.93773136e+01, 4.48441048e+01, 1.29624166e+01, 8.13708210e+00,
       1.70428524e+01, 3.99587059e+01, 2.56393127e+01, 1.89015923e+01,
       2.06753502e+01, 1.32833084e+02, 5.47207451e+01, 1.76171837e+01,
       1.13254461e+01, 1.48603544e+01, 9.25080490e+00, 1.11099186e+01,
       3.68029480e+01, 5.80462265e+01, 3.07638779e+01, 3.04681244e+01,
       4.13444977e+01, 5.55409851e+01, 2.66378956e+01, 1.33260431e+01,
       1.53028841e+01, 2.94349556e+01, 1.91947231e+01, 1.71635666e+01,
       1.94454327e+01, 2.95521564e+01, 1.97838173e+01, 1.68352757e+01,
       1.97944946e+01, 3.24625397e+01, 1.23230228e+01, 8.19693470e+00,
       1.13115129e+01, 2.86470394e+01, 1.97353916e+01, 1.94706993e+01,
       2.29020710e+01, 8.88693237e+01, 3.14841881e+01, 1.28998356e+01,
       1.01496210e+01, 1.55850792e+01, 1.32807789e+01, 1.75316772e+01,
       3.81455727e+01, 4.64954071e+01, 2.50828724e+01, 1.91164284e+01,
       2.02709560e+01, 3.36630325e+01, 1.87099724e+01, 1.54024048e+01,
       2.04228706e+01, 2.33315353e+01, 1.56210470e+01, 1.48987465e+01,
       1.60890770e+01, 2.38174076e+01, 1.54696932e+01, 1.36974916e+01,
       1.56366310e+01, 2.25110149e+01, 1.55029554e+01, 1.51099844e+01,
       1.67453556e+01, 2.36039219e+01, 1.48494940e+01, 1.31561394e+01,
       1.47537880e+01, 4.92775383e+01, 2.51819897e+01, 1.77291832e+01,
       1.83384380e+01, 2.93926849e+01, 1.72793999e+01, 1.51833105e+01,
       2.10010338e+01, 8.89783707e+01, 2.91982174e+01, 1.20991240e+01,
       1.01405201e+01, 1.61887932e+01, 1.33310061e+01, 1.84116364e+01,
       4.01931496e+01, 3.31203995e+01, 1.29228735e+01, 8.83230972e+00,
       1.19464779e+01, 3.18870258e+01, 2.01731529e+01, 2.01895275e+01,
       2.37413101e+01, 2.89965096e+01, 1.95503235e+01, 1.75827332e+01,
       1.95075016e+01, 2.85297012e+01, 1.91907730e+01, 1.65666447e+01,
       1.90384254e+01, 6.33382492e+01, 3.10320168e+01, 2.85611305e+01,
       3.60558357e+01, 4.72633247e+01, 2.42750874e+01, 1.33951540e+01,
       1.63547173e+01, 1.31927643e+02, 5.02437553e+01, 1.60670452e+01,
       1.09048376e+01, 1.62412720e+01, 1.04032459e+01, 1.27302904e+01,
       4.05918388e+01, 4.38010406e+01, 1.37745819e+01, 9.45872688e+00,
       1.91443424e+01, 4.55742798e+01, 2.80163975e+01, 2.07435246e+01,
       2.23884563e+01, 2.91882401e+01, 1.91248055e+01, 1.67070789e+01,
       1.92614384e+01, 2.85711174e+01, 1.94757633e+01, 1.75163059e+01,
       1.95751839e+01, 6.34190903e+01, 1.63148117e+01, 1.32926235e+01,
       2.42999382e+01, 4.73169861e+01, 3.60535965e+01, 2.86653118e+01,
       3.11325455e+01, 1.31903961e+02, 4.04866753e+01, 1.26469135e+01,
       1.03991251e+01, 1.61731529e+01, 1.08298397e+01, 1.60494461e+01,
       5.01725693e+01, 4.37981110e+01, 2.22817535e+01, 2.06635227e+01,
       2.80102539e+01, 4.53789711e+01, 1.90596027e+01, 9.51421928e+00,
       1.38239946e+01, 2.27175465e+01, 1.46411219e+01, 1.30741787e+01,
       1.46671858e+01, 2.35243034e+01, 1.69619274e+01, 1.52016335e+01,
       1.56552076e+01, 4.92358437e+01, 2.08430214e+01, 1.50883818e+01,
       1.71430531e+01, 2.92664108e+01, 1.85043068e+01, 1.79977016e+01,
       2.51092186e+01, 8.88856430e+01, 3.99012489e+01, 1.83736153e+01,
       1.35319042e+01, 1.60870934e+01, 1.01132212e+01, 1.21795406e+01,
       2.92058392e+01, 3.30599213e+01, 2.35883770e+01, 2.02730865e+01,
       2.03439312e+01, 3.18307343e+01, 1.17938099e+01, 8.70733547e+00,
       1.27267342e+01 ]
